144
4
190

-55.280000 -24.371000
-48.297000 53.314000
-49.072000 -38.489000
25.311000 -18.561000
-24.469000 -3.815000
24.591000 -17.896000
-10.419000 60.364000
38.177000 -35.175000
-68.280000 93.073000
-30.792000 -57.336000
-37.061000 -12.122000
-15.741000 -47.638000
-63.379000 -22.919000
-43.109000 -43.439000
-25.623000 13.599000
-2.625000 16.632000
-41.577000 -28.497000
2.081000 12.885000
3.925000 -47.845000
-83.295000 26.324000
-6.458000 26.355000
3.290000 6.732000
-34.869000 30.426000
15.546000 -36.273000
12.842000 5.127000
-48.450000 -24.426000
-88.538000 -10.461000
-29.773000 0.995000
9.827000 38.416000
1.410000 92.938000
-79.303000 15.381000
-30.652000 40.063000
18.927000 21.637000
45.087000 -59.906000
-34.949000 -3.815000
81.201000 -74.744000
15.594000 -28.455000
-72.192000 29.547000
-42.914000 -22.675000
-76.392000 -57.489000
-28.540000 12.073000
-61.389000 26.526000
-8.472000 12.616000
-61.475000 33.392000
-34.674000 -27.588000
10.315000 -12.518000
-83.014000 77.002000
-40.417000 49.988000
83.832000 33.905000
-20.563000 -75.830000
15.442000 -18.719000
-59.937000 -65.802000
5.151000 47.815000
46.008000 14.990000
82.977000 -1.660000
39.893000 -38.916000
90.839000 -83.539000
7.068000 0.067000
18.958000 40.088000
-80.487000 58.209000
64.459000 -62.946000
-43.616000 -26.117000
-18.408000 10.303000
-43.921000 63.251000
11.353000 26.221000
-6.995000 38.239000
74.084000 -34.216000
14.301000 -0.800000
-94.141000 -48.779000
15.332000 -42.169000
-46.637000 -16.461000
-0.958000 -81.000000
-37.445000 -42.505000
-3.680000 -69.073000
34.894000 -20.898000
45.544000 51.410000
-31.927000 88.239000
-13.580000 -26.959000
12.653000 -48.340000
-46.179000 -38.269000
-29.620000 35.083000
13.696000 43.988000
38.342000 -46.338000
-26.227000 24.506000
90.009000 -43.640000
-6.995000 22.522000
-29.993000 -28.851000
-56.268000 -64.740000
-87.415000 90.796000
-5.762000 54.034000
-34.845000 -27.185000
-16.479000 16.180000
23.712000 29.492000
-40.991000 46.594000
-53.516000 -21.619000
-17.560000 37.494000
-37.311000 56.836000
71.515000 22.510000
-41.864000 27.710000
14.819000 -82.117000
30.316000 -55.322000
-39.172000 47.998000
-94.415000 15.192000
-7.806000 11.273000
28.571000 -49.908000
-20.654000 24.554000
-30.963000 -18.903000
1.721000 -20.447000
-31.012000 -21.106000
-85.718000 -28.015000
58.826000 -63.043000
-15.753000 -52.686000
-71.661000 51.184000
-92.633000 -6.598000
33.508000 -49.255000
59.314000 54.095000
30.737000 -28.436000
-55.896000 18.457000
-89.960000 -39.532000
36.438000 20.819000
-53.674000 -56.427000
-31.866000 32.538000
5.658000 12.756000
-52.905000 42.804000
47.131000 -45.465000
30.792000 9.869000
-45.209000 -56.293000
10.919000 13.306000
-32.990000 -34.003000
-40.869000 30.579000
-69.348000 80.408000
-58.966000 -29.541000
-36.847000 -33.710000
-21.820000 65.369000
22.980000 -41.010000
-77.557000 59.814000
-47.205000 67.725000
-21.606000 35.168000
-55.676000 -31.384000
-85.229000 88.788000
-3.918000 -63.525000
-58.557000 59.375000
-24.542000 14.935000
-48.779000 16.968000
-40.082000 -24.780000
24.292000 -27.704000
-45.877000 41.092000
-11.896000 15.875000

9.000000
22.000000
10.000000
24.000000
25.000000
6.000000
22.000000
1.000000
19.000000
19.000000
5.000000
9.000000
8.000000
14.000000
4.000000
7.000000
10.000000
22.000000
17.000000
10.000000
8.000000
14.000000
12.000000
17.000000
19.000000
25.000000
25.000000
6.000000
21.000000
3.000000
19.000000
16.000000
21.000000
17.000000
19.000000
6.000000
10.000000
22.000000
17.000000
16.000000
5.000000
1.000000
21.000000
20.000000
6.000000
1.000000
11.000000
22.000000
25.000000
18.000000
9.000000
23.000000
17.000000
4.000000
1.000000
14.000000
11.000000
7.000000
21.000000
3.000000
18.000000
5.000000
6.000000
22.000000
13.000000
17.000000
5.000000
7.000000
1.000000
3.000000
10.000000
5.000000
1.000000
17.000000
14.000000
4.000000
10.000000
25.000000
11.000000
16.000000
25.000000
20.000000
3.000000
7.000000
2.000000
6.000000
14.000000
14.000000
2.000000
15.000000
22.000000
4.000000
22.000000
19.000000
5.000000
10.000000
4.000000
7.000000
11.000000
14.000000
2.000000
12.000000
12.000000
24.000000
8.000000
4.000000
25.000000
6.000000
9.000000
23.000000
15.000000
7.000000
6.000000
5.000000
12.000000
3.000000
22.000000
18.000000
16.000000
5.000000
1.000000
8.000000
20.000000
17.000000
11.000000
8.000000
15.000000
16.000000
6.000000
24.000000
10.000000
4.000000
10.000000
17.000000
5.000000
14.000000
16.000000
11.000000
25.000000
4.000000
12.000000
19.000000
6.000000
23.000000
0.000000
0.000000
0.000000
0.000000
