96
4
195

33.588000 30.750000
48.828000 65.314000
86.176000 59.344000
39.270000 -33.057000
-23.370000 86.853000
48.132000 95.593000
-16.357000 93.311000
-57.703000 -65.601000
7.147000 32.684000
42.950000 68.701000
37.085000 -2.112000
77.759000 55.817000
-17.462000 -56.567000
58.575000 59.888000
57.776000 15.344000
-22.327000 36.072000
-7.080000 30.493000
55.658000 60.425000
-14.307000 11.456000
-29.724000 24.268000
43.219000 0.739000
45.184000 35.474000
64.484000 2.240000
55.078000 72.241000
16.925000 15.741000
45.038000 -3.723000
-76.782000 5.939000
36.169000 0.256000
29.218000 8.936000
65.057000 5.225000
42.175000 -22.284000
25.574000 31.726000
31.561000 37.262000
66.498000 -54.169000
46.576000 -17.938000
65.063000 40.875000
-2.716000 24.768000
-40.002000 3.870000
-73.505000 57.043000
81.146000 -25.714000
12.006000 -7.965000
42.761000 38.092000
3.857000 -23.181000
-7.367000 24.390000
35.944000 -11.835000
52.075000 9.692000
30.725000 30.701000
41.223000 77.924000
68.884000 -40.546000
76.312000 86.670000
63.934000 78.540000
29.150000 -9.961000
85.522000 39.954000
31.775000 3.870000
-20.544000 19.086000
55.353000 43.817000
35.406000 10.278000
25.464000 -0.287000
12.396000 0.244000
18.359000 20.917000
27.960000 -15.039000
-3.192000 19.879000
9.332000 -41.351000
-20.581000 38.177000
27.820000 28.729000
59.027000 42.310000
56.311000 58.734000
-51.654000 -0.342000
2.576000 32.721000
15.131000 -3.046000
66.595000 34.937000
19.476000 20.142000
-1.172000 20.648000
-21.204000 13.660000
98.846000 1.257000
82.593000 72.003000
30.017000 -30.896000
33.228000 41.663000
39.490000 -8.539000
54.498000 70.813000
3.058000 10.248000
51.831000 -16.870000
76.416000 11.346000
5.243000 0.238000
50.592000 34.247000
-5.231000 -2.081000
24.194000 25.836000
33.630000 37.585000
31.445000 -7.001000
30.707000 -28.168000
49.860000 1.038000
-35.767000 14.142000
-29.309000 4.889000
19.049000 41.974000
27.600000 13.934000
52.832000 50.684000
6.229000 10.590000
32.663000 44.730000
48.807000 48.792000
33.179000 -4.968000

4.000000
12.000000
3.000000
15.000000
13.000000
20.000000
21.000000
4.000000
25.000000
21.000000
7.000000
3.000000
9.000000
5.000000
20.000000
21.000000
19.000000
2.000000
16.000000
18.000000
24.000000
24.000000
8.000000
16.000000
19.000000
12.000000
9.000000
3.000000
15.000000
4.000000
24.000000
22.000000
14.000000
11.000000
20.000000
5.000000
11.000000
12.000000
7.000000
1.000000
23.000000
13.000000
4.000000
23.000000
17.000000
13.000000
9.000000
10.000000
22.000000
21.000000
13.000000
25.000000
8.000000
20.000000
3.000000
4.000000
13.000000
18.000000
1.000000
10.000000
16.000000
9.000000
13.000000
23.000000
14.000000
5.000000
1.000000
6.000000
20.000000
10.000000
19.000000
24.000000
3.000000
5.000000
13.000000
5.000000
4.000000
12.000000
11.000000
20.000000
13.000000
1.000000
3.000000
2.000000
23.000000
8.000000
25.000000
18.000000
4.000000
5.000000
21.000000
23.000000
19.000000
2.000000
21.000000
10.000000
0.000000
0.000000
0.000000
0.000000
