192
4
185

-44.629000 -55.640000
36.096000 64.935000
-25.470000 44.580000
-33.954000 -73.059000
45.654000 35.730000
14.954000 -36.719000
-1.477000 47.205000
2.155000 -40.912000
22.992000 1.398000
-28.857000 5.957000
-48.120000 94.116000
7.239000 17.322000
4.614000 27.051000
-13.971000 28.198000
12.946000 -11.688000
-36.670000 23.102000
-4.224000 -49.310000
1.093000 -7.135000
-56.958000 27.905000
-80.994000 -77.686000
72.260000 59.027000
-21.655000 1.636000
-20.154000 -62.415000
-48.157000 6.287000
-5.078000 61.597000
17.145000 -47.046000
-16.064000 8.557000
6.683000 -27.069000
15.027000 -34.979000
37.946000 73.914000
-41.199000 -43.018000
32.538000 11.786000
-20.306000 -20.239000
-35.480000 19.135000
58.038000 56.659000
-36.694000 -6.256000
0.446000 -46.735000
-19.690000 38.977000
-47.339000 20.911000
-79.236000 -57.678000
5.597000 -34.076000
34.454000 -8.289000
18.500000 -51.154000
-4.346000 -44.525000
-14.148000 -74.164000
19.867000 77.515000
-50.079000 17.871000
42.786000 -79.883000
1.520000 -29.034000
14.728000 -3.436000
-26.166000 -48.999000
-63.873000 -5.273000
-54.138000 7.086000
17.932000 -34.094000
-98.706000 34.552000
28.802000 -8.582000
2.716000 90.594000
-31.024000 48.938000
-46.545000 42.316000
27.289000 58.179000
28.815000 -28.027000
-26.099000 11.328000
0.537000 -26.221000
-50.458000 7.812000
30.005000 19.092000
-12.604000 22.058000
22.009000 -8.636000
8.942000 2.875000
-19.812000 0.922000
-4.230000 31.250000
17.975000 -0.409000
-2.350000 42.938000
-16.516000 68.085000
-1.190000 42.023000
56.635000 -44.019000
57.483000 35.504000
-26.099000 7.477000
7.489000 -57.239000
-22.095000 55.780000
19.867000 38.824000
5.310000 49.219000
15.155000 6.299000
5.481000 -31.500000
7.959000 -28.662000
-75.812000 4.010000
-43.671000 -61.646000
-2.576000 -62.140000
-18.842000 -36.884000
20.844000 21.167000
3.137000 -19.220000
-20.361000 18.878000
-0.897000 -54.938000
-29.553000 9.277000
5.048000 -35.046000
27.759000 48.712000
12.079000 -42.346000
-51.270000 41.144000
-29.077000 4.291000
-18.555000 -14.819000
7.855000 -49.451000
-19.116000 -32.086000
17.651000 -52.271000
16.907000 -62.964000
18.988000 6.219000
-68.878000 -64.539000
-13.361000 20.264000
-44.440000 63.721000
-6.500000 71.436000
-51.978000 25.409000
-0.739000 59.491000
-64.679000 83.038000
-11.273000 -35.944000
-16.864000 7.776000
19.843000 -49.805000
-16.284000 -2.936000
8.356000 67.041000
30.878000 24.316000
93.524000 -20.233000
-9.332000 -56.177000
-34.442000 -63.312000
20.941000 -5.646000
-3.418000 89.594000
-18.738000 45.227000
2.435000 -30.524000
-28.864000 56.616000
76.880000 -29.901000
-90.466000 10.278000
-35.101000 46.545000
-48.395000 43.854000
-40.997000 26.703000
13.696000 34.607000
-71.472000 11.450000
-36.230000 51.904000
-39.465000 4.907000
-16.565000 23.773000
10.754000 -28.552000
-23.029000 47.015000
-8.807000 21.216000
-40.039000 27.435000
-37.445000 -41.040000
48.224000 0.085000
-0.323000 68.237000
-14.294000 -33.423000
-1.440000 -34.814000
-34.454000 42.346000
8.679000 -66.180000
-61.249000 -51.367000
-1.093000 9.912000
-16.565000 66.547000
8.435000 52.838000
-22.034000 -36.896000
15.765000 17.322000
9.003000 -18.695000
-4.584000 3.491000
8.875000 40.662000
26.093000 -33.966000
-32.501000 39.526000
-32.629000 -82.581000
-98.486000 22.021000
-59.052000 4.163000
7.428000 -2.570000
-59.601000 12.469000
-11.224000 -31.830000
-16.809000 -35.040000
21.863000 18.140000
45.038000 -61.316000
-48.816000 25.568000
-32.184000 -16.736000
12.439000 -41.492000
-21.082000 -77.075000
-17.822000 -18.518000
48.334000 93.518000
-18.677000 49.005000
12.140000 30.042000
3.113000 -40.302000
17.133000 37.079000
22.577000 0.836000
-30.426000 52.942000
33.765000 -67.108000
5.414000 1.532000
72.156000 30.103000
-24.109000 -34.625000
17.413000 75.146000
10.638000 -60.052000
-5.176000 -48.999000
-19.342000 21.118000
-46.802000 -14.661000
-16.779000 43.439000
14.093000 -13.605000
-21.063000 26.019000
39.813000 -40.668000
52.057000 30.334000
-0.140000 7.266000
-23.138000 48.450000
-26.102000 16.809000
0.244000 -35.892000

11.000000
11.000000
23.000000
16.000000
16.000000
2.000000
1.000000
25.000000
24.000000
14.000000
6.000000
20.000000
10.000000
11.000000
2.000000
22.000000
2.000000
12.000000
9.000000
21.000000
10.000000
13.000000
25.000000
9.000000
19.000000
22.000000
4.000000
4.000000
7.000000
20.000000
17.000000
19.000000
12.000000
2.000000
13.000000
24.000000
22.000000
17.000000
19.000000
4.000000
12.000000
22.000000
2.000000
19.000000
3.000000
5.000000
22.000000
6.000000
9.000000
8.000000
24.000000
15.000000
16.000000
9.000000
1.000000
18.000000
17.000000
18.000000
2.000000
25.000000
21.000000
19.000000
10.000000
2.000000
21.000000
20.000000
21.000000
2.000000
6.000000
2.000000
12.000000
12.000000
5.000000
5.000000
8.000000
15.000000
8.000000
7.000000
14.000000
18.000000
17.000000
5.000000
6.000000
9.000000
24.000000
13.000000
5.000000
4.000000
22.000000
24.000000
25.000000
9.000000
8.000000
8.000000
25.000000
7.000000
24.000000
16.000000
15.000000
7.000000
17.000000
9.000000
14.000000
20.000000
6.000000
17.000000
23.000000
14.000000
19.000000
21.000000
6.000000
1.000000
22.000000
7.000000
14.000000
7.000000
25.000000
17.000000
10.000000
23.000000
22.000000
3.000000
14.000000
14.000000
2.000000
2.000000
21.000000
10.000000
10.000000
5.000000
9.000000
15.000000
19.000000
7.000000
11.000000
2.000000
25.000000
14.000000
15.000000
12.000000
11.000000
17.000000
4.000000
24.000000
8.000000
20.000000
12.000000
10.000000
12.000000
9.000000
16.000000
23.000000
15.000000
10.000000
21.000000
2.000000
16.000000
15.000000
11.000000
11.000000
17.000000
3.000000
9.000000
1.000000
13.000000
1.000000
2.000000
22.000000
10.000000
4.000000
9.000000
11.000000
3.000000
19.000000
19.000000
4.000000
19.000000
15.000000
21.000000
25.000000
4.000000
3.000000
6.000000
6.000000
21.000000
25.000000
10.000000
25.000000
19.000000
19.000000
22.000000
5.000000
0.000000
0.000000
0.000000
0.000000
