240
4
180

65.991000 -49.829000
-36.938000 -36.743000
-2.734000 18.774000
31.116000 -35.907000
2.789000 8.008000
31.152000 43.665000
-36.304000 -21.307000
52.814000 35.046000
11.267000 20.660000
-0.623000 23.114000
43.091000 -12.360000
6.854000 19.073000
-6.848000 25.317000
-27.930000 -23.712000
33.240000 -30.487000
63.885000 -52.881000
-13.672000 -43.945000
-0.647000 -27.502000
59.406000 -49.261000
27.167000 -5.713000
70.001000 -20.844000
35.327000 -65.167000
-14.386000 -42.236000
19.366000 30.273000
-39.789000 10.101000
-15.753000 -40.204000
-28.418000 -40.503000
27.081000 9.735000
22.205000 -9.216000
-0.830000 -6.525000
10.217000 75.531000
7.446000 18.500000
48.914000 -20.294000
-18.958000 -29.675000
16.815000 -6.659000
2.509000 -30.420000
15.424000 4.913000
60.315000 89.801000
40.405000 -45.367000
-26.837000 -54.272000
69.171000 72.577000
-22.815000 46.173000
-14.258000 -30.249000
76.050000 12.073000
63.043000 60.022000
-20.239000 -81.970000
-41.168000 -42.023000
79.199000 -29.016000
-20.728000 -7.068000
-4.163000 -53.497000
39.594000 -40.460000
-47.125000 -77.850000
-1.233000 49.182000
-0.372000 -27.264000
31.537000 -8.722000
-0.134000 -20.264000
66.394000 -26.691000
6.104000 -64.093000
13.544000 -20.874000
54.211000 -6.537000
22.046000 -34.137000
-9.723000 4.706000
-11.584000 -46.857000
-2.905000 -0.305000
13.837000 -44.452000
17.480000 27.747000
2.972000 -43.689000
-44.354000 -38.202000
-59.399000 1.514000
-13.452000 -75.531000
-5.518000 -51.947000
-9.589000 -26.880000
19.318000 29.498000
26.245000 36.743000
43.707000 -28.033000
-52.026000 -35.339000
-8.435000 -0.116000
89.111000 62.122000
6.067000 -16.132000
27.094000 -5.103000
27.527000 -15.344000
42.511000 32.056000
25.311000 12.689000
47.778000 -12.769000
-3.143000 -13.837000
12.482000 -78.101000
-21.039000 -3.430000
-3.149000 -55.432000
53.009000 84.900000
35.638000 -47.552000
43.427000 -18.439000
6.598000 -54.578000
87.952000 94.012000
39.105000 -48.743000
-48.340000 -26.477000
72.003000 -9.253000
-37.732000 3.351000
-65.967000 -36.749000
-16.669000 -35.284000
10.742000 -4.669000
15.594000 -5.817000
21.606000 -18.109000
9.784000 49.280000
94.147000 -4.492000
10.382000 -16.302000
-1.453000 -0.861000
-6.219000 25.305000
-6.250000 10.217000
-17.444000 -70.795000
-55.090000 -43.854000
-9.442000 23.724000
8.978000 35.406000
-16.754000 -0.812000
66.852000 -37.842000
14.716000 -23.724000
33.472000 20.026000
66.394000 -70.111000
-5.664000 8.881000
-5.103000 -46.729000
-8.826000 55.743000
5.847000 -3.186000
-25.726000 -37.695000
-15.363000 -24.548000
43.793000 -11.102000
17.664000 -25.604000
-39.624000 54.883000
-24.554000 -43.225000
-26.892000 -12.738000
34.155000 -38.458000
-47.314000 -29.468000
49.365000 -25.592000
3.705000 -16.449000
22.430000 -23.273000
-37.549000 -29.608000
25.549000 3.674000
-15.216000 3.284000
-12.939000 -7.495000
-22.107000 26.434000
-17.944000 7.733000
-21.234000 14.490000
3.503000 -19.708000
32.599000 -14.935000
-5.737000 -28.296000
-6.128000 -39.624000
-2.460000 12.817000
-6.470000 8.466000
-37.891000 -36.115000
10.852000 -18.750000
50.104000 8.636000
46.844000 4.712000
19.598000 -10.406000
-38.947000 52.942000
-0.641000 -21.289000
40.906000 -33.765000
-0.574000 -62.299000
-9.778000 26.794000
34.265000 -23.895000
29.572000 -24.561000
16.376000 -58.887000
61.877000 -15.167000
40.088000 -9.625000
0.122000 -4.645000
-8.929000 -43.903000
-7.135000 -57.434000
7.550000 -21.210000
3.949000 7.300000
-15.118000 92.023000
84.821000 -24.518000
-52.325000 30.682000
7.538000 13.818000
-21.484000 30.359000
36.047000 29.883000
12.781000 -40.942000
-17.291000 -10.254000
-10.541000 12.402000
-15.845000 -59.460000
29.266000 -2.222000
-12.598000 -58.929000
-17.303000 -35.297000
57.050000 -50.354000
26.941000 17.444000
-6.195000 -8.881000
16.980000 -16.321000
83.710000 -32.520000
12.451000 34.589000
15.057000 67.004000
25.818000 -5.835000
13.666000 -14.832000
48.322000 -5.164000
13.489000 19.739000
-18.512000 65.405000
17.554000 38.379000
37.775000 -16.003000
47.968000 -30.310000
38.806000 36.243000
-16.089000 -42.841000
28.656000 -1.990000
-5.859000 -1.862000
60.516000 63.416000
63.196000 -47.766000
-15.308000 -23.285000
-2.875000 0.787000
32.056000 -10.175000
-18.634000 -25.665000
-3.632000 25.433000
10.480000 22.888000
1.819000 -3.009000
-25.275000 -12.183000
56.927000 -75.507000
13.885000 -36.230000
32.520000 -29.523000
4.803000 -7.288000
11.365000 -8.344000
17.126000 -24.646000
-33.661000 -41.241000
-32.391000 -50.885000
23.041000 -14.496000
-21.857000 -39.502000
32.013000 77.332000
13.831000 -76.190000
-8.051000 -21.179000
25.391000 46.613000
49.536000 -54.639000
63.416000 -8.636000
2.301000 -5.536000
52.423000 29.895000
9.296000 -16.254000
34.845000 -96.185000
-21.063000 -41.498000
28.448000 10.242000
16.254000 -22.583000
-36.639000 -34.033000
-27.356000 -50.177000
-53.705000 11.334000
26.276000 -5.994000
-31.519000 34.589000
-14.612000 -31.506000
-4.242000 -30.865000
-18.524000 -29.486000
-17.133000 -19.397000
34.430000 -17.151000
0.269000 -8.154000
3.140000 13.297000
-3.113000 -29.745000

10.000000
25.000000
18.000000
16.000000
14.000000
7.000000
9.000000
16.000000
24.000000
6.000000
22.000000
11.000000
19.000000
20.000000
20.000000
16.000000
5.000000
21.000000
19.000000
18.000000
22.000000
19.000000
15.000000
24.000000
20.000000
17.000000
20.000000
12.000000
23.000000
15.000000
19.000000
23.000000
9.000000
21.000000
17.000000
6.000000
10.000000
9.000000
19.000000
17.000000
22.000000
8.000000
25.000000
13.000000
1.000000
15.000000
16.000000
20.000000
14.000000
2.000000
5.000000
16.000000
12.000000
1.000000
15.000000
5.000000
9.000000
8.000000
2.000000
10.000000
25.000000
24.000000
7.000000
14.000000
3.000000
23.000000
21.000000
13.000000
15.000000
14.000000
7.000000
20.000000
6.000000
24.000000
17.000000
3.000000
15.000000
6.000000
21.000000
25.000000
18.000000
1.000000
19.000000
17.000000
20.000000
1.000000
13.000000
25.000000
16.000000
5.000000
18.000000
17.000000
15.000000
13.000000
15.000000
2.000000
1.000000
9.000000
16.000000
6.000000
18.000000
24.000000
24.000000
9.000000
19.000000
12.000000
22.000000
13.000000
20.000000
25.000000
1.000000
24.000000
10.000000
22.000000
14.000000
12.000000
23.000000
14.000000
23.000000
25.000000
5.000000
7.000000
25.000000
11.000000
18.000000
18.000000
1.000000
7.000000
22.000000
7.000000
3.000000
18.000000
8.000000
6.000000
7.000000
20.000000
10.000000
2.000000
3.000000
10.000000
5.000000
25.000000
23.000000
21.000000
13.000000
1.000000
11.000000
6.000000
9.000000
17.000000
13.000000
23.000000
19.000000
11.000000
12.000000
18.000000
25.000000
13.000000
24.000000
5.000000
14.000000
18.000000
25.000000
11.000000
18.000000
23.000000
22.000000
20.000000
11.000000
11.000000
19.000000
13.000000
24.000000
6.000000
5.000000
24.000000
7.000000
13.000000
25.000000
15.000000
15.000000
16.000000
5.000000
15.000000
24.000000
15.000000
9.000000
19.000000
15.000000
2.000000
3.000000
18.000000
20.000000
14.000000
10.000000
6.000000
17.000000
20.000000
3.000000
14.000000
12.000000
2.000000
11.000000
16.000000
18.000000
14.000000
6.000000
12.000000
21.000000
1.000000
18.000000
17.000000
15.000000
4.000000
18.000000
22.000000
16.000000
14.000000
25.000000
15.000000
6.000000
7.000000
21.000000
3.000000
15.000000
24.000000
2.000000
17.000000
2.000000
25.000000
15.000000
3.000000
1.000000
1.000000
20.000000
19.000000
2.000000
9.000000
4.000000
16.000000
0.000000
0.000000
0.000000
0.000000
