144
6
190

-40.289000 -42.303000
-64.709000 -17.389000
5.060000 -14.349000
72.095000 20.233000
2.594000 -15.002000
-24.176000 -72.894000
-13.190000 66.498000
33.191000 13.690000
66.827000 -30.554000
19.934000 35.883000
-27.771000 32.269000
51.154000 -16.827000
-19.214000 23.749000
-46.643000 -52.954000
-10.590000 -16.626000
35.150000 12.622000
-37.378000 12.256000
82.794000 25.836000
8.936000 -3.723000
-56.659000 25.555000
-52.020000 -40.137000
39.270000 12.787000
19.757000 21.228000
-23.071000 -12.659000
15.686000 52.374000
58.771000 -7.056000
-33.087000 72.266000
2.551000 46.851000
-18.719000 73.126000
-67.627000 -20.679000
-76.862000 -11.365000
-24.194000 -38.263000
-20.374000 -31.903000
9.290000 39.618000
26.044000 35.974000
-57.385000 -45.264000
1.489000 -62.592000
34.937000 13.672000
-22.290000 45.648000
-5.920000 44.061000
-38.446000 -23.541000
28.894000 33.936000
-35.388000 -5.341000
-19.501000 13.519000
-9.216000 -30.988000
-22.131000 -17.065000
-22.827000 36.810000
-61.365000 -18.463000
50.128000 -66.046000
25.647000 24.139000
65.521000 42.810000
-60.956000 -47.925000
-9.070000 42.798000
-19.061000 4.480000
-54.071000 -3.870000
-25.598000 -18.866000
-18.707000 84.296000
-70.184000 -39.166000
-14.636000 -0.446000
-76.465000 -38.922000
44.092000 12.433000
-22.772000 -50.867000
19.104000 44.672000
-44.019000 -39.935000
-2.972000 -4.059000
-24.261000 35.907000
-61.877000 -73.901000
-5.640000 -26.721000
45.844000 -36.835000
-51.746000 -79.840000
-33.008000 10.992000
-25.653000 -0.372000
-21.497000 61.487000
2.032000 26.727000
-26.758000 14.807000
-37.256000 -44.861000
-0.861000 -16.418000
-51.160000 34.967000
-41.266000 -76.886000
-30.255000 74.701000
-46.368000 -1.514000
-71.619000 73.077000
-46.606000 -39.948000
-30.243000 67.102000
-40.997000 -43.036000
-74.286000 -52.307000
-17.609000 -71.851000
2.350000 -81.805000
-85.486000 -54.059000
23.822000 10.571000
-24.530000 -31.726000
-42.474000 -15.009000
-33.624000 50.330000
-81.458000 -41.565000
-73.505000 -48.279000
-3.052000 70.898000
0.946000 25.458000
-54.144000 13.525000
-30.634000 7.526000
-68.335000 -34.277000
7.178000 57.935000
4.712000 48.669000
58.087000 26.379000
18.347000 34.784000
-44.629000 -61.975000
5.231000 26.068000
-48.065000 -36.755000
-3.589000 -27.734000
9.808000 36.896000
59.460000 1.233000
-47.522000 19.873000
-48.431000 -50.317000
44.666000 20.953000
-19.226000 32.770000
-15.662000 17.462000
-91.669000 77.722000
-30.035000 -78.284000
73.663000 32.941000
22.400000 -60.083000
61.206000 -13.501000
22.131000 -50.012000
-6.317000 56.665000
-20.471000 12.885000
-61.084000 -44.769000
-9.576000 -19.366000
5.627000 -88.501000
-2.618000 22.131000
40.497000 32.343000
-3.296000 36.774000
-50.995000 19.781000
-70.520000 -3.809000
4.205000 0.812000
9.955000 26.337000
13.538000 -21.313000
-21.869000 -18.768000
-37.158000 -30.768000
-86.975000 10.345000
-47.272000 -46.326000
4.095000 -19.354000
4.205000 30.292000
-42.017000 53.986000
35.095000 -10.895000
61.188000 -59.875000
-34.674000 -1.337000
-3.799000 44.290000
14.233000 21.173000
-23.334000 -28.397000
10.065000 1.822000
-49.115000 -43.549000
-21.054000 4.144000

20.000000
10.000000
8.000000
6.000000
1.000000
19.000000
13.000000
24.000000
15.000000
13.000000
10.000000
4.000000
12.000000
21.000000
2.000000
10.000000
20.000000
9.000000
24.000000
19.000000
13.000000
14.000000
17.000000
25.000000
1.000000
9.000000
12.000000
22.000000
2.000000
21.000000
8.000000
19.000000
24.000000
24.000000
2.000000
20.000000
20.000000
5.000000
17.000000
4.000000
21.000000
3.000000
16.000000
14.000000
6.000000
5.000000
12.000000
23.000000
12.000000
18.000000
24.000000
3.000000
3.000000
25.000000
22.000000
25.000000
15.000000
18.000000
8.000000
20.000000
18.000000
5.000000
25.000000
16.000000
14.000000
1.000000
15.000000
22.000000
6.000000
24.000000
19.000000
12.000000
13.000000
10.000000
12.000000
13.000000
25.000000
12.000000
2.000000
11.000000
10.000000
9.000000
21.000000
14.000000
15.000000
6.000000
25.000000
14.000000
17.000000
8.000000
4.000000
17.000000
23.000000
4.000000
4.000000
9.000000
9.000000
19.000000
12.000000
25.000000
8.000000
13.000000
3.000000
6.000000
11.000000
24.000000
16.000000
21.000000
25.000000
10.000000
2.000000
13.000000
14.000000
19.000000
16.000000
23.000000
13.000000
24.000000
17.000000
8.000000
12.000000
6.000000
20.000000
20.000000
24.000000
10.000000
18.000000
10.000000
15.000000
12.000000
22.000000
11.000000
14.000000
9.000000
6.000000
23.000000
8.000000
22.000000
7.000000
15.000000
22.000000
7.000000
14.000000
21.000000
0.000000
0.000000
0.000000
0.000000
0.000000
0.000000
