216
6
180

-41.235000 -66.357000
34.064000 -59.357000
20.917000 -52.582000
-38.538000 -37.396000
41.058000 22.931000
-54.034000 -53.131000
8.099000 80.725000
81.299000 13.409000
14.459000 -2.972000
-52.539000 60.107000
-57.202000 -34.229000
-65.552000 -40.222000
-19.751000 -10.278000
-26.965000 -87.012000
3.192000 -88.654000
34.521000 32.837000
80.035000 5.273000
-39.838000 -67.731000
14.600000 11.365000
-20.990000 -80.511000
48.242000 47.284000
59.338000 -31.860000
-13.995000 -45.624000
32.397000 -32.532000
2.826000 50.824000
-66.077000 -34.686000
-13.660000 18.640000
-59.344000 12.769000
-5.133000 -18.463000
-22.961000 -21.729000
58.130000 46.606000
-49.603000 -76.624000
-4.803000 43.036000
68.616000 -19.623000
37.915000 63.599000
1.251000 -26.550000
-37.952000 1.685000
-40.503000 8.038000
-8.392000 -38.678000
-36.725000 25.494000
-47.754000 -50.073000
22.595000 -28.357000
-36.365000 -48.163000
75.452000 -13.422000
-64.520000 -13.232000
1.257000 29.156000
-1.569000 -35.974000
46.747000 6.696000
82.080000 27.057000
74.695000 19.366000
47.015000 9.338000
-62.036000 -21.326000
9.192000 20.038000
-3.094000 21.582000
-75.446000 13.086000
10.034000 -63.739000
71.814000 26.501000
18.842000 -38.019000
-10.541000 -31.305000
8.252000 -91.150000
72.821000 -38.916000
-30.157000 38.776000
-56.256000 -5.548000
-8.398000 -37.604000
15.021000 13.708000
-60.199000 24.292000
-13.794000 -27.106000
-34.796000 -22.205000
69.641000 83.057000
-44.440000 30.090000
48.633000 3.021000
-15.314000 51.709000
36.261000 26.782000
59.961000 24.310000
55.304000 6.628000
39.960000 48.297000
-48.895000 -71.100000
-2.338000 -62.909000
9.491000 -41.901000
-54.675000 -18.439000
10.980000 -7.605000
-69.824000 -50.354000
-40.308000 -7.452000
62.244000 43.628000
29.077000 63.116000
-12.067000 -21.509000
14.728000 28.906000
-63.086000 -60.114000
33.655000 -0.928000
-12.225000 14.148000
-89.966000 51.514000
-0.763000 41.339000
80.695000 32.983000
-53.394000 -14.240000
-53.284000 -64.136000
73.260000 10.669000
59.613000 13.452000
-37.012000 6.476000
-53.656000 21.692000
-36.890000 18.372000
-4.608000 -13.806000
53.802000 36.993000
48.468000 -66.040000
-46.393000 -20.929000
-15.045000 -40.845000
-73.621000 -9.552000
92.847000 45.587000
33.557000 28.064000
47.321000 24.414000
-6.610000 -30.157000
12.103000 23.840000
-61.963000 26.239000
23.877000 9.808000
49.780000 6.866000
-53.021000 -21.484000
54.962000 2.985000
4.865000 -69.586000
33.948000 45.209000
-32.166000 -23.621000
-17.548000 -46.765000
31.744000 33.972000
45.374000 22.131000
-5.219000 -23.114000
-51.056000 -46.545000
11.774000 11.133000
-39.758000 -13.019000
27.930000 29.321000
33.740000 66.595000
-91.815000 29.858000
-24.628000 -68.701000
44.659000 20.465000
45.447000 -21.069000
-37.366000 -12.097000
41.998000 0.153000
-42.822000 -30.170000
34.906000 -4.578000
-65.137000 -43.079000
20.270000 -4.999000
-36.731000 -8.929000
-26.984000 -19.568000
-31.299000 -83.813000
-26.794000 12.506000
-39.362000 -58.521000
-34.369000 0.610000
43.372000 4.187000
-38.226000 -9.448000
-25.610000 -99.237000
48.059000 29.517000
-43.628000 -32.318000
-16.602000 -29.327000
-29.810000 -12.408000
-51.910000 -28.711000
-1.801000 -18.671000
18.738000 21.399000
60.120000 7.788000
43.079000 42.017000
-39.435000 -5.902000
-35.889000 -16.034000
-41.827000 38.995000
84.497000 29.822000
-17.560000 -10.480000
-48.383000 -48.920000
-49.335000 -17.969000
16.095000 -2.490000
65.527000 14.026000
-2.930000 13.220000
-18.768000 -23.663000
-91.095000 -80.737000
-21.088000 -13.293000
46.985000 17.224000
-61.957000 -33.038000
-9.003000 -25.452000
33.661000 -7.666000
-25.592000 -10.840000
36.560000 -2.441000
7.141000 24.817000
-43.170000 -30.487000
-21.228000 0.751000
19.696000 10.767000
-6.494000 -29.425000
54.388000 8.630000
64.203000 77.612000
40.381000 1.611000
-41.711000 -5.133000
74.274000 -19.922000
-73.999000 -54.626000
29.706000 15.454000
23.785000 12.177000
42.578000 45.325000
-16.730000 -16.559000
-14.697000 -0.116000
-19.769000 8.392000
-30.267000 14.893000
-63.116000 -67.462000
86.029000 38.916000
79.480000 -24.866000
35.144000 14.734000
-49.365000 -9.052000
-49.475000 -17.578000
57.501000 16.327000
54.889000 12.024000
-53.027000 -33.179000
-0.415000 16.644000
21.594000 16.144000
-46.924000 -49.261000
18.457000 19.733000
35.822000 19.763000
71.869000 29.034000
-56.378000 -42.755000
-25.800000 25.159000
-5.676000 33.850000
54.041000 -5.292000
-63.074000 27.380000
-16.864000 -49.768000
47.919000 13.629000
-10.724000 -2.075000
-15.067000 -23.950000
38.791000 22.443000
-41.833000 -35.361000
-29.523000 -4.843000
49.725000 11.990000
21.133000 14.142000

3.000000
16.000000
8.000000
15.000000
12.000000
13.000000
8.000000
24.000000
14.000000
17.000000
8.000000
11.000000
8.000000
17.000000
19.000000
13.000000
2.000000
8.000000
21.000000
13.000000
17.000000
4.000000
22.000000
24.000000
11.000000
6.000000
19.000000
11.000000
23.000000
4.000000
5.000000
16.000000
2.000000
13.000000
11.000000
9.000000
18.000000
7.000000
24.000000
5.000000
2.000000
5.000000
5.000000
3.000000
13.000000
2.000000
10.000000
12.000000
24.000000
21.000000
18.000000
5.000000
15.000000
11.000000
7.000000
3.000000
17.000000
14.000000
14.000000
7.000000
12.000000
5.000000
11.000000
17.000000
3.000000
7.000000
13.000000
20.000000
13.000000
4.000000
3.000000
24.000000
23.000000
21.000000
23.000000
10.000000
21.000000
24.000000
9.000000
22.000000
3.000000
6.000000
11.000000
10.000000
15.000000
9.000000
20.000000
19.000000
19.000000
19.000000
20.000000
1.000000
15.000000
18.000000
2.000000
25.000000
20.000000
18.000000
8.000000
3.000000
2.000000
15.000000
21.000000
6.000000
24.000000
19.000000
23.000000
16.000000
16.000000
9.000000
1.000000
10.000000
14.000000
11.000000
4.000000
23.000000
23.000000
22.000000
11.000000
14.000000
12.000000
13.000000
11.000000
9.000000
6.000000
25.000000
21.000000
13.000000
23.000000
8.000000
7.000000
8.000000
9.000000
2.000000
24.000000
7.000000
23.000000
21.000000
12.000000
23.000000
18.000000
5.000000
15.000000
11.000000
8.000000
2.000000
6.000000
23.000000
9.000000
1.000000
12.000000
17.000000
2.000000
5.000000
1.000000
20.000000
19.000000
13.000000
10.000000
9.000000
14.000000
4.000000
20.000000
17.000000
19.000000
19.000000
16.000000
4.000000
1.000000
21.000000
9.000000
2.000000
24.000000
1.000000
21.000000
13.000000
15.000000
4.000000
10.000000
19.000000
1.000000
25.000000
3.000000
21.000000
7.000000
18.000000
3.000000
1.000000
2.000000
8.000000
10.000000
19.000000
17.000000
19.000000
24.000000
24.000000
6.000000
2.000000
7.000000
10.000000
13.000000
20.000000
1.000000
17.000000
17.000000
16.000000
9.000000
25.000000
1.000000
23.000000
10.000000
15.000000
25.000000
25.000000
16.000000
1.000000
0.000000
0.000000
0.000000
0.000000
0.000000
0.000000
