72
6
200

-92.700000 -59.180000
71.179000 12.543000
31.537000 66.638000
-4.694000 25.537000
-30.194000 67.773000
12.677000 -57.471000
-32.355000 -20.966000
19.910000 48.975000
13.202000 -19.135000
54.877000 -41.168000
15.063000 -25.171000
-50.598000 -16.418000
-29.730000 17.078000
17.542000 1.575000
11.127000 77.216000
33.752000 71.259000
-56.012000 -10.394000
57.874000 -16.290000
10.718000 -18.787000
53.088000 -18.750000
1.569000 7.532000
31.531000 48.944000
-66.833000 -37.854000
-70.740000 62.244000
32.538000 23.096000
-51.453000 -36.444000
36.456000 -22.638000
-31.207000 43.494000
-10.388000 34.491000
14.722000 -10.834000
47.095000 -21.387000
43.781000 34.766000
53.546000 -67.487000
26.801000 46.515000
63.385000 11.981000
47.192000 -5.475000
-16.315000 -11.267000
78.900000 17.651000
79.822000 22.272000
12.878000 16.919000
-67.981000 -3.754000
9.198000 -18.597000
-35.950000 -19.141000
28.766000 45.276000
11.469000 68.231000
-22.760000 45.496000
-65.674000 -23.120000
7.239000 1.599000
-29.785000 -11.285000
-89.050000 16.211000
-46.887000 -3.363000
-14.972000 30.621000
-17.035000 49.774000
31.635000 53.619000
-3.577000 13.342000
33.008000 58.960000
-92.950000 63.263000
-9.137000 -22.931000
-39.960000 6.195000
28.430000 -19.214000
-28.540000 -3.485000
31.415000 36.859000
-49.426000 60.602000
-72.827000 -27.765000
60.083000 -45.905000
10.870000 -3.900000
25.122000 7.672000
-46.997000 -17.474000
16.058000 33.020000
25.409000 -11.700000
68.323000 -5.145000
-13.104000 62.158000
42.395000 -8.344000
-42.175000 -14.554000
16.034000 40.726000
-14.639000 29.633000
16.049000 -3.934000
46.112000 12.430000

20.000000
6.000000
19.000000
10.000000
18.000000
1.000000
15.000000
23.000000
13.000000
12.000000
7.000000
25.000000
5.000000
1.000000
25.000000
10.000000
2.000000
7.000000
11.000000
4.000000
6.000000
15.000000
7.000000
8.000000
10.000000
9.000000
4.000000
6.000000
22.000000
17.000000
9.000000
25.000000
10.000000
18.000000
21.000000
10.000000
23.000000
23.000000
11.000000
1.000000
23.000000
16.000000
10.000000
12.000000
12.000000
3.000000
22.000000
21.000000
13.000000
15.000000
13.000000
20.000000
10.000000
25.000000
7.000000
15.000000
2.000000
23.000000
5.000000
25.000000
9.000000
2.000000
24.000000
13.000000
20.000000
13.000000
15.000000
4.000000
20.000000
8.000000
19.000000
20.000000
0.000000
0.000000
0.000000
0.000000
0.000000
0.000000
