288
4
175

-66.174000 -37.811000
2.673000 -35.223000
38.751000 8.618000
62.653000 20.667000
60.974000 -6.110000
-98.535000 -39.532000
8.411000 -81.274000
-14.569000 26.056000
-34.186000 -76.697000
55.145000 -33.911000
15.869000 8.716000
-63.416000 -20.282000
-9.357000 -42.212000
-53.619000 3.729000
53.491000 -3.308000
-22.614000 -32.794000
39.612000 -1.550000
16.705000 -22.748000
-51.245000 -13.757000
-29.907000 14.380000
-70.441000 -27.911000
-75.385000 -30.811000
10.590000 -28.931000
86.340000 -45.935000
3.864000 34.583000
-37.598000 -42.114000
69.440000 1.379000
-13.818000 1.245000
-27.124000 -38.037000
-69.348000 -14.734000
58.575000 29.346000
58.105000 31.702000
-62.250000 -16.425000
-66.382000 13.586000
68.030000 -12.482000
-30.701000 -41.681000
-55.389000 -51.050000
36.237000 -2.655000
-1.215000 5.591000
10.278000 -23.950000
-7.159000 36.859000
-90.204000 61.169000
46.368000 65.082000
13.348000 31.372000
-73.566000 -28.839000
-41.528000 -37.097000
-60.938000 -27.246000
38.312000 54.376000
26.306000 11.975000
10.297000 -48.346000
52.417000 -28.363000
-43.756000 -39.343000
49.316000 11.395000
45.593000 4.346000
-25.989000 -15.814000
65.253000 -59.631000
12.109000 -34.387000
12.390000 -16.254000
0.525000 69.611000
-8.679000 7.770000
41.467000 -35.016000
11.859000 -34.973000
-1.306000 -58.063000
6.024000 -31.018000
1.788000 -32.544000
29.272000 -6.494000
23.950000 10.742000
-65.887000 40.912000
-10.095000 26.257000
58.093000 67.352000
90.015000 9.485000
-6.622000 15.216000
-2.875000 -42.841000
-37.714000 -7.306000
44.171000 -11.224000
-58.704000 -2.808000
-3.912000 10.071000
-41.370000 -1.495000
58.179000 27.563000
-63.861000 26.147000
-56.793000 -15.918000
22.217000 -27.509000
-1.031000 -14.838000
-57.703000 -10.480000
80.847000 6.299000
2.887000 10.822000
-37.390000 -7.800000
-33.600000 -26.740000
95.197000 24.231000
-13.904000 29.327000
-53.461000 9.296000
67.578000 13.007000
-83.881000 -53.265000
30.255000 -72.430000
-22.333000 -20.538000
3.741000 -35.461000
-20.093000 -43.982000
-47.687000 -21.100000
-20.447000 -13.849000
34.515000 3.967000
20.514000 -11.884000
-46.039000 -22.565000
-39.630000 25.385000
-1.025000 50.433000
-28.632000 23.486000
-52.997000 -16.248000
-3.345000 -22.955000
-62.640000 -26.349000
25.403000 0.531000
-29.895000 72.919000
26.630000 1.971000
-9.814000 35.004000
-7.758000 -42.426000
28.918000 -7.117000
47.693000 36.108000
-53.168000 5.206000
17.560000 13.214000
6.836000 -2.496000
-17.322000 97.260000
22.406000 26.532000
-73.090000 -13.251000
-64.996000 -4.578000
-34.906000 -43.903000
-92.346000 -4.517000
0.647000 -8.496000
5.048000 -37.323000
-19.080000 -14.178000
-71.704000 -11.450000
-45.581000 -28.717000
-28.351000 -23.914000
-16.486000 30.920000
-83.423000 -20.935000
-12.054000 -20.612000
-7.184000 -63.721000
34.546000 -8.881000
-4.865000 73.694000
-36.005000 -3.876000
-28.400000 -21.820000
-56.281000 -15.112000
-11.017000 42.151000
-63.092000 -62.573000
29.486000 79.944000
-65.674000 -0.238000
46.130000 -20.416000
1.575000 -16.364000
40.277000 -1.379000
-15.271000 42.249000
33.215000 -16.614000
-72.388000 13.074000
-24.487000 5.273000
-6.598000 -30.957000
31.287000 21.332000
20.557000 0.378000
-67.200000 -41.339000
22.168000 -40.375000
31.165000 2.222000
74.634000 30.219000
60.699000 81.116000
-60.736000 24.133000
1.978000 17.517000
-80.566000 -38.196000
-49.927000 -36.713000
-60.449000 -27.820000
-78.748000 -44.226000
54.260000 -9.259000
-42.059000 -26.636000
-57.336000 -16.718000
-1.276000 -13.330000
-24.158000 39.197000
17.908000 -40.442000
59.833000 -3.674000
-3.510000 6.256000
40.167000 8.594000
-1.691000 -54.376000
-36.035000 -17.065000
7.275000 -4.144000
30.219000 -6.830000
-26.379000 -63.055000
28.772000 -0.031000
2.625000 5.072000
3.595000 -21.600000
-64.948000 -10.956000
18.671000 -41.010000
29.291000 12.799000
4.529000 26.654000
25.360000 29.718000
57.349000 -15.405000
-11.566000 -19.012000
-45.441000 -71.808000
2.197000 -3.564000
-1.855000 -24.475000
-59.851000 -48.938000
70.081000 -17.816000
-4.932000 28.754000
-46.625000 -23.529000
-49.872000 -35.339000
-67.499000 8.142000
31.195000 -18.243000
-42.139000 -52.704000
-15.094000 18.933000
-78.625000 -24.341000
51.471000 -9.607000
29.987000 -31.061000
46.741000 1.453000
-52.954000 31.738000
10.535000 -61.432000
-15.948000 -56.012000
-7.776000 -54.730000
11.047000 -20.905000
-24.359000 -23.047000
2.948000 -20.398000
-82.654000 24.323000
-12.134000 42.065000
-98.035000 -36.359000
-61.102000 -13.477000
-39.136000 6.287000
41.180000 7.971000
4.254000 19.830000
-34.143000 -37.915000
-4.559000 23.566000
37.891000 -1.947000
78.259000 15.936000
-8.661000 -25.110000
10.071000 37.164000
-42.621000 -46.985000
92.157000 -94.183000
32.202000 -39.844000
-55.231000 -15.027000
-26.746000 -21.490000
-75.513000 -0.708000
34.021000 12.665000
-2.643000 -20.831000
53.369000 13.770000
-14.948000 -40.259000
67.828000 5.750000
-13.220000 -26.031000
4.169000 -32.617000
-26.050000 -33.313000
31.964000 -45.703000
96.820000 26.208000
-44.696000 -37.854000
33.417000 11.792000
-35.187000 19.226000
-14.233000 -74.988000
37.158000 -0.836000
-51.697000 -26.447000
23.535000 5.896000
-18.433000 53.711000
-11.340000 -17.621000
-7.812000 -35.895000
3.522000 26.941000
-46.588000 -22.266000
-2.997000 -0.549000
32.147000 17.151000
32.019000 13.007000
-6.628000 29.889000
77.777000 -25.397000
30.707000 65.704000
-43.811000 -43.036000
49.561000 16.827000
-28.931000 -0.439000
40.363000 16.382000
22.748000 40.674000
-1.471000 6.567000
-1.190000 16.864000
8.032000 41.821000
-44.019000 -22.784000
12.366000 -11.353000
33.276000 15.881000
-34.790000 -15.045000
-96.857000 -19.391000
38.434000 -5.353000
-25.391000 0.220000
0.848000 -31.860000
-24.023000 95.691000
-4.272000 35.468000
-6.927000 1.855000
-70.953000 -3.217000
-32.648000 -16.522000
42.859000 -21.680000
5.182000 6.403000
36.920000 -4.987000
49.591000 27.783000
45.038000 10.785000
7.690000 14.056000
-60.907000 18.640000
-64.496000 8.923000
37.158000 -14.990000
2.277000 7.840000
32.883000 -1.779000
-49.554000 -17.828000
3.690000 -26.099000

19.000000
21.000000
17.000000
6.000000
6.000000
19.000000
17.000000
19.000000
2.000000
3.000000
24.000000
5.000000
9.000000
20.000000
19.000000
20.000000
4.000000
3.000000
2.000000
23.000000
6.000000
17.000000
17.000000
3.000000
16.000000
15.000000
23.000000
15.000000
12.000000
19.000000
23.000000
10.000000
23.000000
22.000000
4.000000
5.000000
1.000000
11.000000
20.000000
25.000000
18.000000
4.000000
10.000000
17.000000
7.000000
4.000000
3.000000
12.000000
13.000000
24.000000
16.000000
2.000000
7.000000
15.000000
12.000000
15.000000
17.000000
16.000000
1.000000
9.000000
4.000000
3.000000
1.000000
4.000000
6.000000
1.000000
19.000000
1.000000
2.000000
25.000000
4.000000
4.000000
13.000000
18.000000
9.000000
5.000000
12.000000
22.000000
9.000000
11.000000
6.000000
19.000000
10.000000
1.000000
10.000000
20.000000
18.000000
1.000000
11.000000
20.000000
12.000000
17.000000
16.000000
3.000000
14.000000
12.000000
9.000000
1.000000
7.000000
7.000000
5.000000
9.000000
15.000000
4.000000
10.000000
21.000000
2.000000
6.000000
1.000000
23.000000
24.000000
16.000000
18.000000
1.000000
1.000000
21.000000
8.000000
22.000000
23.000000
11.000000
15.000000
14.000000
16.000000
25.000000
12.000000
9.000000
20.000000
22.000000
13.000000
24.000000
13.000000
4.000000
22.000000
18.000000
25.000000
19.000000
8.000000
13.000000
1.000000
1.000000
5.000000
2.000000
22.000000
3.000000
2.000000
6.000000
19.000000
5.000000
25.000000
9.000000
20.000000
11.000000
18.000000
25.000000
22.000000
25.000000
14.000000
21.000000
1.000000
9.000000
2.000000
2.000000
4.000000
15.000000
11.000000
15.000000
15.000000
16.000000
14.000000
25.000000
9.000000
23.000000
16.000000
10.000000
4.000000
25.000000
20.000000
5.000000
19.000000
2.000000
13.000000
19.000000
2.000000
16.000000
2.000000
6.000000
3.000000
20.000000
13.000000
9.000000
5.000000
15.000000
22.000000
18.000000
21.000000
16.000000
22.000000
23.000000
1.000000
1.000000
13.000000
14.000000
18.000000
5.000000
24.000000
11.000000
5.000000
1.000000
21.000000
6.000000
6.000000
5.000000
23.000000
16.000000
18.000000
10.000000
9.000000
18.000000
22.000000
24.000000
15.000000
6.000000
12.000000
19.000000
19.000000
17.000000
22.000000
25.000000
11.000000
23.000000
10.000000
17.000000
6.000000
20.000000
6.000000
4.000000
25.000000
7.000000
11.000000
14.000000
14.000000
15.000000
2.000000
14.000000
17.000000
24.000000
10.000000
20.000000
11.000000
16.000000
3.000000
11.000000
10.000000
18.000000
20.000000
24.000000
16.000000
2.000000
14.000000
10.000000
22.000000
14.000000
15.000000
7.000000
20.000000
1.000000
24.000000
22.000000
23.000000
20.000000
15.000000
14.000000
12.000000
4.000000
15.000000
12.000000
8.000000
2.000000
24.000000
5.000000
8.000000
21.000000
5.000000
16.000000
8.000000
24.000000
23.000000
6.000000
0.000000
0.000000
0.000000
0.000000
