288
6
170

12.805000 1.886000
18.213000 1.373000
57.947000 -48.779000
-52.429000 -84.088000
60.797000 -32.593000
23.151000 4.205000
25.385000 22.986000
25.513000 -52.985000
-49.261000 -41.718000
-37.561000 -41.730000
-14.520000 48.962000
41.229000 -24.500000
-21.863000 0.916000
-48.181000 -16.284000
-7.776000 44.348000
20.801000 10.760000
-29.712000 -46.326000
-20.203000 -59.564000
-87.079000 -52.899000
3.046000 -6.305000
11.865000 5.261000
-24.072000 -55.927000
-22.803000 5.658000
-51.904000 9.412000
12.732000 -40.967000
-30.988000 7.654000
37.512000 0.458000
2.954000 -8.563000
0.549000 3.644000
-52.484000 9.711000
33.936000 -48.718000
-13.129000 -53.601000
-99.591000 23.303000
6.439000 -3.516000
-14.032000 -19.818000
-24.677000 16.608000
-10.260000 -81.769000
35.858000 5.597000
-11.603000 42.908000
-34.662000 -15.466000
66.852000 1.135000
6.866000 -1.416000
1.660000 -2.234000
37.561000 11.450000
51.672000 -26.343000
19.025000 -10.889000
-37.982000 -6.360000
-56.537000 -42.334000
1.099000 -14.624000
-56.238000 -3.076000
-23.669000 -15.289000
-34.277000 -1.410000
-64.178000 63.812000
-47.083000 -20.386000
-33.710000 8.380000
34.290000 26.031000
-38.861000 42.114000
-92.731000 44.885000
23.633000 27.643000
-67.139000 -67.078000
25.726000 -25.836000
-40.985000 -16.895000
77.008000 -6.097000
-54.810000 -1.935000
-53.943000 -29.663000
16.089000 -27.887000
-59.436000 36.487000
34.473000 25.391000
-9.283000 -6.689000
-85.559000 -20.477000
29.523000 18.347000
27.814000 6.512000
42.151000 -25.580000
82.202000 85.828000
-47.766000 -35.590000
22.015000 -20.349000
-55.756000 -33.490000
62.006000 -1.453000
25.549000 -3.796000
-43.372000 -7.379000
60.297000 52.637000
-96.155000 34.100000
-32.806000 -3.845000
-47.827000 -45.203000
-31.128000 -93.848000
-17.010000 -21.857000
-8.386000 -2.264000
35.834000 13.147000
29.315000 54.468000
48.352000 -8.783000
-2.930000 27.039000
-16.620000 -55.389000
-40.851000 -47.742000
-12.878000 -2.039000
-51.776000 7.281000
-32.922000 23.828000
13.983000 -34.521000
-35.834000 -23.834000
91.858000 5.542000
-28.442000 -34.180000
33.844000 27.875000
98.431000 31.348000
-57.751000 -27.753000
-43.890000 13.007000
37.585000 49.768000
-3.687000 7.373000
-98.242000 61.658000
-23.560000 -32.520000
22.980000 -18.109000
43.915000 -2.985000
71.509000 11.652000
-43.011000 -38.702000
-83.954000 2.179000
11.090000 -40.942000
27.173000 -13.330000
-86.102000 -59.808000
-22.345000 -78.278000
-38.727000 -33.588000
-1.227000 -28.668000
81.329000 -44.244000
51.904000 19.891000
-34.973000 -27.856000
-51.483000 -23.248000
-0.647000 -46.057000
68.219000 -66.986000
-15.149000 -25.482000
22.412000 -34.375000
36.176000 -10.431000
-23.639000 -47.681000
-14.722000 32.684000
16.821000 -12.720000
93.378000 23.004000
40.344000 -24.176000
5.530000 -4.901000
-78.015000 1.270000
51.569000 -45.673000
49.249000 -30.896000
-62.195000 -21.399000
-5.048000 7.306000
1.727000 -70.221000
1.361000 -3.564000
-15.521000 16.425000
-31.604000 -60.938000
-46.997000 -55.560000
2.301000 5.536000
-30.328000 -0.580000
-16.821000 17.664000
52.655000 29.034000
-11.993000 -83.771000
41.632000 43.048000
8.508000 -2.539000
31.512000 -8.978000
-3.339000 -36.243000
-26.379000 13.776000
28.430000 10.571000
5.975000 27.289000
-32.135000 -45.068000
31.097000 -7.916000
28.198000 -29.755000
-39.612000 -33.594000
-19.220000 -5.133000
-10.114000 69.977000
22.894000 -44.348000
-34.741000 0.580000
-44.952000 -77.734000
-23.749000 -56.012000
69.073000 -97.125000
12.170000 -59.869000
47.339000 17.365000
-4.706000 14.056000
-52.374000 -50.244000
39.215000 -29.773000
-42.316000 -60.602000
19.135000 41.150000
-54.706000 -17.596000
11.737000 -83.173000
-40.582000 -53.247000
-6.421000 21.967000
-31.268000 -34.613000
-3.668000 -26.868000
13.409000 -22.302000
-95.892000 -86.322000
88.983000 -53.387000
-55.048000 -32.538000
27.850000 -10.028000
40.918000 -36.090000
-58.350000 15.814000
-52.161000 -74.725000
-66.772000 -34.943000
-33.374000 -62.024000
-8.649000 31.708000
-26.166000 -56.152000
-39.874000 -53.375000
71.643000 -36.981000
-96.924000 8.411000
-2.911000 36.200000
-53.253000 14.099000
67.316000 -39.734000
-6.525000 11.975000
16.425000 33.221000
-19.061000 -56.921000
25.189000 -21.045000
37.854000 -5.524000
-16.479000 48.657000
2.344000 -16.516000
-48.621000 -12.390000
-42.621000 -50.006000
16.016000 11.169000
-80.408000 -60.583000
-95.068000 44.293000
-6.885000 24.884000
-4.803000 21.674000
7.037000 -45.337000
31.293000 -39.905000
14.984000 26.172000
33.203000 -52.289000
-59.277000 39.667000
30.054000 -36.823000
9.351000 -39.044000
-10.651000 54.431000
20.856000 -26.465000
19.617000 17.865000
-36.981000 -92.950000
-3.760000 59.875000
11.682000 -63.336000
4.468000 -36.133000
47.040000 -41.254000
29.938000 -58.710000
-70.569000 -7.037000
56.262000 1.819000
46.210000 -53.522000
6.366000 -14.264000
-34.540000 -39.502000
-50.537000 28.357000
-61.444000 -10.901000
-30.823000 17.902000
49.658000 24.469000
-69.775000 -41.406000
-18.939000 57.690000
-22.449000 15.771000
-7.599000 37.030000
27.435000 17.554000
45.526000 -5.127000
-33.551000 -25.586000
-4.645000 53.754000
-41.119000 -13.361000
23.010000 -45.703000
17.230000 5.096000
-6.818000 -19.873000
52.966000 51.410000
-28.662000 -50.940000
69.684000 -51.520000
36.884000 -17.371000
-19.659000 42.035000
72.125000 65.405000
-71.368000 59.863000
18.317000 -37.750000
18.121000 0.482000
-1.105000 -30.676000
-44.574000 -44.055000
-28.058000 -59.436000
-7.953000 4.639000
-37.366000 -28.528000
4.388000 -38.489000
-44.592000 -35.333000
-56.714000 -39.252000
13.452000 -32.159000
-20.343000 -11.182000
3.436000 -52.734000
40.576000 -54.492000
31.952000 -25.421000
-57.434000 38.525000
47.510000 -42.035000
-28.143000 -41.614000
-2.258000 -5.078000
-27.167000 -27.936000
-24.048000 -47.192000
-77.521000 -55.084000
-62.036000 -43.439000
-71.936000 -20.160000
-66.504000 -39.789000
14.587000 48.444000
31.366000 -29.462000
6.512000 -46.124000
9.650000 39.508000
16.040000 16.681000
7.745000 -75.378000
-27.173000 -4.462000
-40.198000 -12.781000
-40.488000 -35.864000
-1.193000 2.515000
18.329000 -35.468000
23.746000 -0.522000
-46.396000 -39.923000

10.000000
21.000000
8.000000
23.000000
10.000000
9.000000
21.000000
16.000000
21.000000
3.000000
24.000000
2.000000
4.000000
18.000000
5.000000
13.000000
13.000000
14.000000
10.000000
3.000000
1.000000
11.000000
16.000000
6.000000
18.000000
11.000000
15.000000
17.000000
17.000000
1.000000
1.000000
18.000000
3.000000
21.000000
22.000000
14.000000
4.000000
17.000000
16.000000
8.000000
14.000000
23.000000
1.000000
21.000000
10.000000
19.000000
6.000000
4.000000
18.000000
23.000000
25.000000
17.000000
11.000000
20.000000
9.000000
23.000000
14.000000
7.000000
15.000000
22.000000
4.000000
14.000000
24.000000
13.000000
9.000000
3.000000
23.000000
2.000000
23.000000
8.000000
23.000000
13.000000
25.000000
25.000000
20.000000
9.000000
15.000000
4.000000
1.000000
7.000000
12.000000
5.000000
8.000000
1.000000
24.000000
23.000000
12.000000
2.000000
22.000000
3.000000
12.000000
16.000000
8.000000
25.000000
6.000000
24.000000
16.000000
7.000000
9.000000
23.000000
24.000000
19.000000
9.000000
10.000000
23.000000
2.000000
5.000000
25.000000
17.000000
23.000000
23.000000
13.000000
2.000000
24.000000
22.000000
20.000000
15.000000
12.000000
17.000000
21.000000
10.000000
4.000000
21.000000
3.000000
17.000000
19.000000
10.000000
21.000000
21.000000
6.000000
8.000000
8.000000
13.000000
7.000000
11.000000
18.000000
10.000000
25.000000
7.000000
17.000000
20.000000
18.000000
21.000000
14.000000
2.000000
18.000000
10.000000
5.000000
15.000000
17.000000
12.000000
14.000000
3.000000
7.000000
21.000000
7.000000
5.000000
24.000000
13.000000
18.000000
19.000000
22.000000
13.000000
10.000000
4.000000
17.000000
2.000000
18.000000
2.000000
18.000000
13.000000
24.000000
25.000000
2.000000
2.000000
7.000000
23.000000
21.000000
18.000000
21.000000
23.000000
16.000000
22.000000
11.000000
22.000000
10.000000
15.000000
23.000000
7.000000
1.000000
21.000000
11.000000
2.000000
24.000000
25.000000
17.000000
10.000000
18.000000
2.000000
12.000000
4.000000
1.000000
1.000000
6.000000
22.000000
25.000000
21.000000
18.000000
14.000000
21.000000
4.000000
1.000000
18.000000
4.000000
4.000000
5.000000
15.000000
5.000000
22.000000
21.000000
17.000000
8.000000
4.000000
4.000000
16.000000
5.000000
15.000000
25.000000
15.000000
7.000000
19.000000
11.000000
13.000000
24.000000
4.000000
13.000000
6.000000
4.000000
12.000000
4.000000
4.000000
25.000000
25.000000
14.000000
25.000000
13.000000
13.000000
11.000000
24.000000
5.000000
12.000000
4.000000
5.000000
24.000000
17.000000
4.000000
1.000000
19.000000
7.000000
24.000000
10.000000
13.000000
24.000000
3.000000
14.000000
2.000000
24.000000
11.000000
5.000000
14.000000
21.000000
14.000000
15.000000
3.000000
15.000000
15.000000
21.000000
17.000000
18.000000
15.000000
19.000000
9.000000
10.000000
13.000000
25.000000
1.000000
11.000000
25.000000
0.000000
0.000000
0.000000
0.000000
0.000000
0.000000
