48
4
200

-29.730000 64.136000
-30.664000 5.463000
51.642000 5.469000
-13.171000 69.336000
-67.413000 68.323000
48.907000 6.274000
5.243000 22.260000
-65.002000 77.234000
-4.175000 -1.569000
23.029000 11.639000
25.482000 6.287000
-42.615000 -26.392000
-76.672000 99.341000
-20.673000 57.892000
-52.039000 6.567000
-41.376000 50.824000
-91.943000 27.588000
-65.118000 30.212000
18.597000 96.716000
-40.942000 83.209000
-37.756000 -33.325000
23.767000 29.083000
-43.030000 20.453000
-35.297000 -24.896000
-54.755000 14.368000
-49.329000 33.374000
57.404000 23.822000
-22.754000 55.408000
-56.622000 73.340000
-38.562000 -3.705000
-16.779000 19.537000
-11.560000 11.615000
-46.545000 97.974000
16.229000 9.320000
1.294000 7.349000
-26.404000 29.529000
4.352000 14.685000
-50.665000 -23.126000
-22.833000 -9.814000
-71.100000 -18.616000
-7.849000 32.074000
11.877000 -24.933000
-18.927000 -23.730000
-11.920000 11.755000
29.840000 11.633000
12.268000 -55.811000
-37.933000 -21.613000
42.883000 -2.966000
4.163000 13.559000
21.387000 17.105000
-36.118000 49.097000
-31.201000 0.235000

12.000000
8.000000
16.000000
5.000000
12.000000
5.000000
13.000000
20.000000
13.000000
18.000000
7.000000
6.000000
9.000000
9.000000
4.000000
25.000000
5.000000
17.000000
3.000000
16.000000
25.000000
21.000000
14.000000
19.000000
14.000000
6.000000
16.000000
9.000000
20.000000
13.000000
10.000000
16.000000
19.000000
22.000000
14.000000
10.000000
11.000000
15.000000
13.000000
15.000000
8.000000
22.000000
24.000000
3.000000
25.000000
19.000000
21.000000
10.000000
0.000000
0.000000
0.000000
0.000000
